#integration threshold:    1.00 TeV
#Crab flux > int. thresh:  1.889e-11
#redshift:                 0.0000
#minimum-transit-coverage: 0.50
# MJD start  MJD stop  flux+/-err [cm^-2 s^-1]  flux+/-err [CU]  transits  index  cut-off   TS(bkg)
56988.1937  56988.4431    2.452e-11  5.149e-12    1.298  0.273    1.000    2.63  1000000.0   43.79
56989.1910  56989.4403    1.955e-11  5.704e-12    1.035  0.302    0.852    2.63  1000000.0   18.42
56990.1882  56990.4375    2.434e-11  6.626e-12    1.288  0.351    0.843    2.63  1000000.0   19.14
56991.1917  56991.4347    2.623e-11  6.088e-12    1.388  0.322    0.846    2.63  1000000.0   30.21
56992.1826  56992.4319    1.940e-11  5.083e-12    1.027  0.269    0.959    2.63  1000000.0   28.94
56993.1799  56993.4292    2.393e-11  5.537e-12    1.267  0.293    1.000    2.63  1000000.0   31.31
56994.1771  56994.4264    1.269e-11  4.717e-12    0.672  0.250    1.000    2.63  1000000.0   11.27
56995.1792  56995.4236    1.919e-11  5.417e-12    1.016  0.287    0.998    2.63  1000000.0   18.32
56996.1715  56996.4208    1.559e-11  4.876e-12    0.825  0.258    1.000    2.63  1000000.0   18.00
56997.1687  56997.4181    3.726e-12  5.015e-12    0.197  0.265    1.000    2.63  1000000.0    0.60
56998.1660  56998.4153    1.940e-11  5.374e-12    1.027  0.284    1.000    2.63  1000000.0   20.90
56999.1632  56999.4125    1.728e-11  5.844e-12    0.915  0.309    0.996    2.63  1000000.0   11.36
57000.1604  57000.4097    1.712e-11  4.789e-12    0.906  0.254    0.993    2.63  1000000.0   24.02
57001.1583  57001.4076    1.851e-11  5.233e-12    0.980  0.277    1.000    2.63  1000000.0   20.91
57002.1556  57002.4049    1.396e-11  5.146e-12    0.739  0.272    1.000    2.63  1000000.0   10.03
57003.1528  57003.4021    2.125e-11  5.515e-12    1.125  0.292    1.000    2.63  1000000.0   29.33
57004.1500  57004.3993    1.690e-11  5.150e-12    0.894  0.273    1.000    2.63  1000000.0   20.14
57005.1472  57005.3965    1.604e-11  5.242e-12    0.849  0.278    1.000    2.63  1000000.0   14.91
57006.1444  57006.3938    1.763e-11  5.138e-12    0.933  0.272    1.000    2.63  1000000.0   21.22
57007.1417  57007.3910    1.172e-11  4.680e-12    0.621  0.248    1.000    2.63  1000000.0   12.22
57008.1389  57008.3882    1.610e-11  4.873e-12    0.852  0.258    1.000    2.63  1000000.0   17.47
57009.1361  57009.3854    1.502e-11  5.382e-12    0.795  0.285    1.000    2.63  1000000.0   11.44
57010.1333  57010.3826    1.662e-11  5.047e-12    0.880  0.267    1.000    2.63  1000000.0   18.42
57011.1306  57011.3799    2.540e-11  5.588e-12    1.345  0.296    1.000    2.63  1000000.0   36.44
57012.1278  57012.3771    2.277e-11  5.783e-12    1.206  0.306    0.917    2.63  1000000.0   28.74
57013.1250  57013.3743    2.164e-11  5.071e-12    1.146  0.268    1.000    2.63  1000000.0   41.74
57014.1222  57014.3715    1.533e-11  4.965e-12    0.812  0.263    0.975    2.63  1000000.0   16.16
57015.1194  57015.3688    1.621e-11  5.425e-12    0.858  0.287    1.000    2.63  1000000.0   13.06
57016.1174  57016.3667    1.437e-11  5.158e-12    0.761  0.273    1.000    2.63  1000000.0   12.62
57017.1146  57017.3639    1.463e-11  5.567e-12    0.774  0.295    0.955    2.63  1000000.0    9.42
57018.1118  57018.3611    2.233e-11  5.320e-12    1.182  0.282    0.970    2.63  1000000.0   29.35
57019.1090  57019.3583    2.831e-11  5.866e-12    1.499  0.311    0.950    2.63  1000000.0   42.19
57020.1062  57020.3556    1.282e-11  4.772e-12    0.678  0.253    0.983    2.63  1000000.0   13.71
57021.1035  57021.3528    1.239e-11  5.015e-12    0.656  0.266    1.000    2.63  1000000.0    9.50
57022.1007  57022.3500    1.200e-11  5.047e-12    0.635  0.267    1.000    2.63  1000000.0    8.35
57023.0979  57023.3472    1.334e-11  5.180e-12    0.706  0.274    1.000    2.63  1000000.0   10.30
57024.0951  57024.3444    1.953e-11  5.181e-12    1.034  0.274    1.000    2.63  1000000.0   27.50
57025.0924  57025.3417    2.251e-11  5.673e-12    1.192  0.300    1.000    2.63  1000000.0   25.55
57026.0896  57026.3389    3.018e-11  5.922e-12    1.598  0.314    1.000    2.63  1000000.0   46.57
57027.0868  57027.3361    2.677e-11  5.899e-12    1.417  0.312    1.000    2.63  1000000.0   32.35
57028.0840  57028.3333    1.199e-11  5.236e-12    0.635  0.277    1.000    2.63  1000000.0    7.54
57029.0813  57029.3306    2.437e-11  5.838e-12    1.290  0.309    0.921    2.63  1000000.0   31.28
57030.0792  57030.3285    1.840e-11  5.472e-12    0.974  0.290    0.979    2.63  1000000.0   17.34
57031.0764  57031.3257    1.970e-11  5.343e-12    1.043  0.283    0.977    2.63  1000000.0   23.13
57032.0736  57032.3229    2.188e-11  5.376e-12    1.158  0.285    1.000    2.63  1000000.0   27.43
57033.0708  57033.3201    2.728e-11  5.458e-12    1.444  0.289    1.000    2.63  1000000.0   46.46
57034.0681  57034.3174    2.895e-11  5.884e-12    1.533  0.311    1.000    2.63  1000000.0   37.99
57035.0653  57035.3146    1.355e-11  5.113e-12    0.717  0.271    1.000    2.63  1000000.0   10.09
57036.0625  57036.3118    1.294e-11  4.550e-12    0.685  0.241    1.000    2.63  1000000.0   14.26
57037.0597  57037.3090    2.152e-11  5.836e-12    1.139  0.309    1.000    2.63  1000000.0   18.58
57038.0569  57038.3063    1.277e-11  4.762e-12    0.676  0.252    1.000    2.63  1000000.0   12.89
57039.0542  57039.3035    1.534e-11  4.907e-12    0.812  0.260    1.000    2.63  1000000.0   18.35
57040.0514  57040.3007    3.710e-12  3.249e-12    0.196  0.172    1.000    2.63  1000000.0    1.88
57041.0486  57041.2979    1.685e-11  5.313e-12    0.892  0.281    1.000    2.63  1000000.0   16.14
57042.0458  57042.2951    2.239e-11  5.636e-12    1.185  0.298    0.999    2.63  1000000.0   25.34
57043.0917  57043.2924    1.687e-11  5.739e-12    0.893  0.304    0.764    2.63  1000000.0   13.98
57045.0382  57045.2875    2.050e-11  4.985e-12    1.085  0.264    1.000    2.63  1000000.0   34.74
57046.0354  57046.2847    2.552e-11  5.690e-12    1.351  0.301    1.000    2.63  1000000.0   34.31
57047.0326  57047.2819    9.644e-12  4.882e-12    0.511  0.258    0.973    2.63  1000000.0    5.34
57048.0299  57048.2792    2.681e-11  5.252e-12    1.419  0.278    0.985    2.63  1000000.0   55.36
57049.0271  57049.2764    2.366e-11  5.411e-12    1.253  0.286    0.984    2.63  1000000.0   34.93
57050.0243  57050.2736    2.018e-11  5.369e-12    1.069  0.284    0.972    2.63  1000000.0   24.11
57051.0215  57051.2708    1.293e-11  5.023e-12    0.684  0.266    0.947    2.63  1000000.0    9.24
57052.0188  57052.2681    8.472e-12  4.664e-12    0.449  0.247    1.000    2.63  1000000.0    4.36
57053.0160  57053.2653    2.318e-11  5.834e-12    1.227  0.309    1.000    2.63  1000000.0   26.05
57054.0132  57054.2625    2.353e-11  5.519e-12    1.246  0.292    1.000    2.63  1000000.0   29.16
57055.0104  57055.2597    1.407e-11  4.733e-12    0.745  0.251    1.000    2.63  1000000.0   15.78
57056.0076  57056.2569    1.701e-11  5.396e-12    0.900  0.286    1.000    2.63  1000000.0   14.93
57057.0049  57057.2542    1.265e-12  5.204e-12    0.067  0.275    0.940    2.63  1000000.0    0.06
57058.0021  57058.2514    2.052e-11  5.637e-12    1.086  0.298    0.978    2.63  1000000.0   24.76
57058.9993  57059.2486    2.728e-11  5.963e-12    1.444  0.316    1.000    2.63  1000000.0   34.63
57059.9972  57060.2465    1.355e-11  5.401e-12    0.717  0.286    1.000    2.63  1000000.0    8.25
57060.9944  57061.2438    2.583e-11  5.965e-12    1.368  0.316    1.000    2.63  1000000.0   28.34
57061.9917  57062.2410    2.024e-11  5.184e-12    1.071  0.274    1.000    2.63  1000000.0   24.28
57062.9889  57063.2382    1.594e-11  4.841e-12    0.844  0.256    0.993    2.63  1000000.0   20.54
57063.9861  57064.2354    2.434e-11  5.604e-12    1.289  0.297    1.000    2.63  1000000.0   33.65
57065.1062  57065.2326    5.998e-12  8.221e-12    0.317  0.435    0.507    2.63  1000000.0    0.57
57065.9806  57066.2299    1.518e-11  5.174e-12    0.803  0.274    0.989    2.63  1000000.0   14.70
57066.9778  57067.2271    2.015e-11  5.518e-12    1.067  0.292    0.990    2.63  1000000.0   18.44
57067.9750  57068.2243    1.421e-11  4.861e-12    0.752  0.257    0.991    2.63  1000000.0   16.55
57068.9722  57069.2215    2.038e-11  5.426e-12    1.079  0.287    0.992    2.63  1000000.0   20.78
57069.9694  57070.2188    1.645e-11  5.239e-12    0.871  0.277    0.993    2.63  1000000.0   14.67
57070.9667  57071.2160    2.663e-11  6.282e-12    1.410  0.333    1.000    2.63  1000000.0   26.16
57071.9639  57072.2132    2.677e-11  5.385e-12    1.417  0.285    1.000    2.63  1000000.0   43.06
57072.9611  57073.2104    2.136e-11  5.270e-12    1.131  0.279    0.996    2.63  1000000.0   27.57
57073.9590  57074.2083    2.498e-11  5.569e-12    1.322  0.295    0.996    2.63  1000000.0   34.39
57074.9611  57075.2056    1.296e-11  5.121e-12    0.686  0.271    0.992    2.63  1000000.0    8.94
57075.9535  57076.2028    2.564e-11  5.647e-12    1.358  0.299    1.000    2.63  1000000.0   35.46
57076.9507  57077.2000    2.199e-11  5.438e-12    1.164  0.288    1.000    2.63  1000000.0   30.29
57077.9479  57078.1972    2.129e-11  5.201e-12    1.127  0.275    0.995    2.63  1000000.0   27.82
57078.9479  57079.1944    1.460e-11  5.217e-12    0.773  0.276    0.997    2.63  1000000.0   12.28
57079.9486  57080.1917    1.780e-11  5.344e-12    0.942  0.283    0.998    2.63  1000000.0   18.71
57080.9396  57081.1889    1.955e-11  5.325e-12    1.035  0.282    1.000    2.63  1000000.0   23.12
57081.9368  57082.1861    1.745e-11  4.977e-12    0.924  0.263    1.000    2.63  1000000.0   21.08
57082.9340  57083.1833    2.333e-11  5.581e-12    1.235  0.295    1.000    2.63  1000000.0   30.18
57083.9313  57084.1806    1.528e-11  4.980e-12    0.809  0.264    1.000    2.63  1000000.0   14.62
57084.9285  57085.1778    1.953e-11  5.033e-12    1.034  0.266    1.000    2.63  1000000.0   26.72
57085.9257  57086.1750    2.778e-11  5.872e-12    1.471  0.311    1.000    2.63  1000000.0   38.78
57086.9229  57087.1722    2.280e-11  5.361e-12    1.207  0.284    0.992    2.63  1000000.0   35.62
57087.9201  57088.1694    3.287e-11  6.227e-12    1.740  0.330    0.992    2.63  1000000.0   43.77
57088.9181  57089.1674    1.764e-11  5.137e-12    0.934  0.272    0.991    2.63  1000000.0   18.70
57089.9153  57090.1646    2.016e-11  5.149e-12    1.067  0.273    1.000    2.63  1000000.0   30.58
57090.9125  57091.1618    1.755e-11  5.428e-12    0.929  0.287    1.000    2.63  1000000.0   15.98
57091.9097  57092.1590    1.496e-11  5.084e-12    0.792  0.269    0.987    2.63  1000000.0   14.22
57092.9528  57093.1562    3.171e-11  7.896e-12    1.678  0.418    0.616    2.63  1000000.0   31.50
57094.9410  57095.1507    2.810e-11  6.307e-12    1.487  0.334    0.781    2.63  1000000.0   32.34
57095.8986  57096.1479    2.193e-11  6.239e-12    1.161  0.330    0.787    2.63  1000000.0   24.04
57096.8958  57097.1451    1.402e-11  5.860e-12    0.742  0.310    0.810    2.63  1000000.0   10.65
57097.9153  57098.1424    2.958e-11  5.881e-12    1.566  0.311    0.946    2.63  1000000.0   38.84
57098.8993  57099.1396    1.863e-11  5.305e-12    0.986  0.281    0.973    2.63  1000000.0   21.64
57099.8875  57100.1368    1.782e-11  5.120e-12    0.943  0.271    0.916    2.63  1000000.0   23.76
57100.8847  57101.1340    1.657e-11  5.148e-12    0.877  0.273    0.973    2.63  1000000.0   17.24
57101.8819  57102.1312    2.282e-11  5.555e-12    1.208  0.294    0.968    2.63  1000000.0   23.54
57102.8792  57103.1285    2.560e-11  5.503e-12    1.355  0.291    0.999    2.63  1000000.0   36.07
57103.8785  57104.1264    9.816e-12  6.534e-12    0.520  0.346    0.509    2.63  1000000.0    3.87
57104.8743  57105.1236    1.140e-11  5.388e-12    0.603  0.285    0.723    2.63  1000000.0    7.37
57106.8688  57107.1181    2.877e-11  8.270e-12    1.523  0.438    0.563    2.63  1000000.0   17.76
57107.8660  57108.1153    2.163e-11  6.939e-12    1.145  0.367    0.650    2.63  1000000.0   17.84
57108.8632  57109.1125    1.797e-11  5.160e-12    0.951  0.273    0.946    2.63  1000000.0   21.45
57109.8604  57110.1097    1.591e-11  6.969e-12    0.842  0.369    0.549    2.63  1000000.0   10.55
57113.8528  57114.0986    1.865e-11  6.032e-12    0.987  0.319    0.942    2.63  1000000.0   13.52
57114.8465  57115.0958    2.043e-11  5.399e-12    1.081  0.286    0.882    2.63  1000000.0   25.59
57116.8410  57117.0903    1.755e-11  4.765e-12    0.929  0.252    0.985    2.63  1000000.0   25.10
57117.8389  57118.0882    2.370e-11  5.380e-12    1.255  0.285    0.986    2.63  1000000.0   37.49
57118.8361  57119.0854    2.340e-11  5.561e-12    1.239  0.294    0.951    2.63  1000000.0   30.82
57119.8333  57120.0826    1.228e-11  4.534e-12    0.650  0.240    1.000    2.63  1000000.0   13.06
57120.8306  57121.0799    1.956e-11  5.095e-12    1.036  0.270    0.988    2.63  1000000.0   27.50
57122.8250  57123.0743    2.300e-11  5.813e-12    1.218  0.308    0.896    2.63  1000000.0   21.89
57123.8222  57124.0715    1.277e-11  5.272e-12    0.676  0.279    0.934    2.63  1000000.0    8.94
57124.8194  57125.0687    2.765e-11  5.206e-12    1.464  0.276    0.955    2.63  1000000.0   62.13
57125.8181  57126.0660    2.293e-11  6.706e-12    1.214  0.355    0.735    2.63  1000000.0   15.11
57126.8139  57127.0632    2.279e-11  7.307e-12    1.206  0.387    0.556    2.63  1000000.0   17.56
57127.8556  57128.0604    2.882e-11  5.544e-12    1.525  0.293    0.930    2.63  1000000.0   52.11
57129.8056  57130.0549    2.666e-11  8.129e-12    1.411  0.430    0.500    2.63  1000000.0   17.38
57130.8028  57131.0521    7.129e-12  5.892e-12    0.377  0.312    0.803    2.63  1000000.0    1.71
57131.8000  57132.0493    2.629e-11  5.188e-12    1.392  0.275    1.000    2.63  1000000.0   52.92
57132.7979  57133.0472    4.430e-12  4.779e-12    0.235  0.253    1.000    2.63  1000000.0    1.01
57133.7951  57134.0444    2.499e-11  6.951e-12    1.323  0.368    0.560    2.63  1000000.0   27.54
57134.7924  57135.0417    1.864e-11  4.826e-12    0.987  0.255    0.939    2.63  1000000.0   32.11
57135.7896  57136.0389    2.117e-11  5.451e-12    1.120  0.289    0.958    2.63  1000000.0   29.18
57136.7868  57137.0361    1.852e-11  5.091e-12    0.980  0.269    1.000    2.63  1000000.0   23.84
57137.7840  57138.0333    7.730e-12  3.853e-12    0.409  0.204    0.980    2.63  1000000.0    7.47
57138.7812  57139.0306    2.606e-11  5.430e-12    1.380  0.287    1.000    2.63  1000000.0   44.31
57139.7785  57140.0278    1.461e-11  5.375e-12    0.773  0.285    1.000    2.63  1000000.0   12.31
57140.7757  57141.0250    1.843e-11  5.548e-12    0.976  0.294    1.000    2.63  1000000.0   20.16
57141.7729  57142.0222    3.225e-11  5.821e-12    1.707  0.308    0.980    2.63  1000000.0   51.81
57142.7701  57143.0194    1.942e-11  5.142e-12    1.028  0.272    0.988    2.63  1000000.0   25.44
57144.7646  57145.0139    1.891e-11  5.512e-12    1.001  0.292    0.985    2.63  1000000.0   16.03
57146.8299  57147.0083    2.217e-11  7.233e-12    1.173  0.383    0.511    2.63  1000000.0   16.68
57147.7569  57148.0062    1.844e-11  7.693e-12    0.976  0.407    0.515    2.63  1000000.0    8.17
57149.7514  57150.0007    1.372e-11  7.331e-12    0.726  0.388    0.506    2.63  1000000.0    5.84
57150.7486  57150.9979    2.196e-11  7.417e-12    1.162  0.393    0.617    2.63  1000000.0   13.62
57151.7458  57151.9951    1.911e-11  5.097e-12    1.012  0.270    1.000    2.63  1000000.0   24.93
57152.7431  57152.9924    1.479e-11  6.460e-12    0.783  0.342    0.755    2.63  1000000.0    6.82
57153.7403  57153.9896    1.397e-11  5.259e-12    0.740  0.278    0.811    2.63  1000000.0   13.28
57154.7375  57154.9868    2.641e-11  7.301e-12    1.398  0.386    0.673    2.63  1000000.0   22.25
57155.7368  57155.9840    1.585e-11  5.248e-12    0.839  0.278    0.952    2.63  1000000.0   12.95
57156.7319  57156.9812    1.582e-11  5.335e-12    0.837  0.282    0.903    2.63  1000000.0   16.70
57157.7812  57157.9785    2.362e-11  5.264e-12    1.250  0.279    0.908    2.63  1000000.0   38.07
57159.7236  57159.9729    1.974e-11  5.628e-12    1.045  0.298    0.867    2.63  1000000.0   18.93
57160.7208  57160.9701    1.373e-11  4.963e-12    0.727  0.263    0.971    2.63  1000000.0   11.32
57161.7188  57161.9681    2.164e-11  5.450e-12    1.146  0.288    0.961    2.63  1000000.0   25.56
57162.7160  57162.9653    3.313e-11  7.018e-12    1.754  0.372    0.715    2.63  1000000.0   38.73
57163.7132  57163.9625    1.361e-11  6.239e-12    0.720  0.330    0.759    2.63  1000000.0    6.15
57165.7076  57165.9569    2.131e-11  5.303e-12    1.128  0.281    0.989    2.63  1000000.0   28.15
57167.7021  57167.9514    1.102e-11  6.417e-12    0.584  0.340    0.617    2.63  1000000.0    3.70
57168.6993  57168.9486    1.837e-11  6.209e-12    0.972  0.329    0.700    2.63  1000000.0   11.26
57169.6965  57169.8743    2.375e-11  7.129e-12    1.257  0.377    0.681    2.63  1000000.0   15.47
57171.6910  57171.9403    1.584e-11  4.954e-12    0.839  0.262    0.958    2.63  1000000.0   18.35
57172.6882  57172.9375    2.167e-11  5.094e-12    1.147  0.270    0.986    2.63  1000000.0   34.90
57173.6854  57173.9347    1.425e-11  5.491e-12    0.754  0.291    1.000    2.63  1000000.0    8.68
57174.6826  57174.9319    1.736e-11  5.066e-12    0.919  0.268    1.000    2.63  1000000.0   18.67
57175.6799  57175.9292    2.221e-11  5.311e-12    1.176  0.281    0.967    2.63  1000000.0   36.52
57176.6778  57176.9271    8.706e-12  4.910e-12    0.461  0.260    0.902    2.63  1000000.0    5.11
57178.6722  57178.9215    1.450e-11  4.737e-12    0.768  0.251    0.996    2.63  1000000.0   15.28
57179.6694  57179.9187    2.754e-11  5.461e-12    1.458  0.289    0.992    2.63  1000000.0   45.95
57180.6667  57180.9160    2.182e-11  5.229e-12    1.155  0.277    1.000    2.63  1000000.0   29.82
57186.6500  57186.8993    2.274e-11  6.871e-12    1.204  0.364    0.725    2.63  1000000.0   15.65
57187.6472  57187.8965    2.020e-11  5.420e-12    1.069  0.287    0.967    2.63  1000000.0   21.90
57188.6444  57188.8938    1.168e-11  4.792e-12    0.618  0.254    0.990    2.63  1000000.0   10.14
57189.6417  57189.8910    2.236e-11  5.545e-12    1.184  0.294    0.959    2.63  1000000.0   25.15
57191.6368  57191.8861    2.691e-11  6.969e-12    1.424  0.369    0.680    2.63  1000000.0   26.45
57192.6340  57192.8833    2.997e-11  6.613e-12    1.587  0.350    0.773    2.63  1000000.0   33.97
57193.6312  57193.8806    1.879e-11  5.101e-12    0.995  0.270    0.928    2.63  1000000.0   27.42
57194.6285  57194.8778    1.572e-11  5.190e-12    0.832  0.275    0.841    2.63  1000000.0   15.42
57196.6229  57196.8722    2.077e-11  5.423e-12    1.100  0.287    0.978    2.63  1000000.0   22.99
57197.6201  57197.8694    1.880e-11  5.106e-12    0.995  0.270    0.905    2.63  1000000.0   20.71
57199.6146  57199.8639    1.608e-11  5.793e-12    0.851  0.307    0.763    2.63  1000000.0   12.18
57200.6118  57200.8611    1.682e-11  5.040e-12    0.890  0.267    0.947    2.63  1000000.0   18.13
57201.6090  57201.8583    8.607e-12  4.661e-12    0.456  0.247    0.985    2.63  1000000.0    6.10
57202.6062  57202.8556    1.485e-11  4.808e-12    0.786  0.255    0.983    2.63  1000000.0   14.53
57203.6035  57203.8528    6.030e-12  6.024e-12    0.319  0.319    0.517    2.63  1000000.0    1.43
57204.6007  57204.8500    2.354e-11  5.766e-12    1.246  0.305    0.992    2.63  1000000.0   24.69
57205.5979  57205.8479    1.443e-11  5.033e-12    0.764  0.266    1.000    2.63  1000000.0   14.81
57207.5931  57207.8424    2.331e-11  5.426e-12    1.234  0.287    0.971    2.63  1000000.0   31.37
57208.5903  57208.8396    1.768e-11  5.156e-12    0.936  0.273    1.000    2.63  1000000.0   17.76
57209.5875  57209.8368    1.500e-11  5.267e-12    0.794  0.279    0.978    2.63  1000000.0   13.78
57210.5847  57210.8340    1.777e-11  5.293e-12    0.941  0.280    0.789    2.63  1000000.0   20.12
57211.5819  57211.8313    1.872e-11  4.830e-12    0.991  0.256    0.988    2.63  1000000.0   27.55
57212.5792  57212.8285    1.736e-11  5.384e-12    0.919  0.285    0.967    2.63  1000000.0   17.65
57213.5764  57213.8257    9.988e-12  4.572e-12    0.529  0.242    0.839    2.63  1000000.0    9.50
57214.5736  57214.8229    2.044e-11  5.315e-12    1.082  0.281    0.994    2.63  1000000.0   23.01
57215.5708  57215.8201    1.955e-11  4.876e-12    1.035  0.258    1.000    2.63  1000000.0   31.66
57219.5597  57219.8090    2.156e-11  5.375e-12    1.141  0.285    0.993    2.63  1000000.0   25.24
57220.5576  57220.8069    2.675e-11  5.537e-12    1.416  0.293    1.000    2.63  1000000.0   39.73
57221.5549  57221.8042    2.947e-11  5.671e-12    1.560  0.300    1.000    2.63  1000000.0   44.64
57222.5521  57222.8014    1.633e-11  5.129e-12    0.865  0.272    1.000    2.63  1000000.0   18.13
57224.5465  57224.7958    2.788e-11  5.571e-12    1.476  0.295    1.000    2.63  1000000.0   39.63
57225.5437  57225.7931    1.631e-11  4.832e-12    0.863  0.256    1.000    2.63  1000000.0   19.30
57226.5410  57226.7903    2.652e-11  5.944e-12    1.404  0.315    0.931    2.63  1000000.0   31.53
57227.5382  57227.7875    2.307e-11  5.416e-12    1.221  0.287    0.996    2.63  1000000.0   28.40
57228.5354  57228.7847    1.238e-11  5.275e-12    0.655  0.279    1.000    2.63  1000000.0    7.11
57229.5326  57229.7819    1.266e-11  5.125e-12    0.670  0.271    1.000    2.63  1000000.0    8.13
57230.5299  57230.7792    1.950e-11  5.134e-12    1.032  0.272    1.000    2.63  1000000.0   27.39
57231.5271  57231.7764    2.215e-11  5.609e-12    1.173  0.297    1.000    2.63  1000000.0   26.83
57232.5243  57232.7736    1.619e-11  4.542e-12    0.857  0.240    0.998    2.63  1000000.0   27.27
57233.5215  57233.7708    1.947e-11  4.896e-12    1.031  0.259    1.000    2.63  1000000.0   32.15
57235.5167  57235.7660    1.378e-11  5.260e-12    0.729  0.278    1.000    2.63  1000000.0   10.27
57236.5139  57236.7632    1.512e-11  5.441e-12    0.800  0.288    1.000    2.63  1000000.0    9.49
57237.5111  57237.7604    1.317e-11  5.323e-12    0.697  0.282    1.000    2.63  1000000.0    7.66
57238.5083  57238.7576    2.353e-11  5.721e-12    1.246  0.303    1.000    2.63  1000000.0   26.73
57239.5056  57239.7549    2.724e-11  5.728e-12    1.442  0.303    0.979    2.63  1000000.0   41.30
57240.5028  57240.7521    2.386e-11  5.506e-12    1.263  0.291    0.935    2.63  1000000.0   33.41
57241.5000  57241.7493    2.448e-11  5.378e-12    1.296  0.285    1.000    2.63  1000000.0   39.68
57242.4972  57242.7465    2.578e-11  5.331e-12    1.365  0.282    1.000    2.63  1000000.0   42.03
57243.4944  57243.7438    1.536e-11  4.954e-12    0.813  0.262    1.000    2.63  1000000.0   16.54
57244.4917  57244.7410    1.434e-11  4.860e-12    0.759  0.257    1.000    2.63  1000000.0   11.99
57245.4889  57245.7382    1.375e-11  5.051e-12    0.728  0.267    1.000    2.63  1000000.0   11.27
57247.4833  57247.7326    9.086e-12  4.773e-12    0.481  0.253    1.000    2.63  1000000.0    7.13
57249.4778  57249.7278    1.323e-11  5.914e-12    0.700  0.313    0.710    2.63  1000000.0    6.75
57250.4757  57250.7250    1.379e-11  5.359e-12    0.730  0.284    1.000    2.63  1000000.0    8.96
57251.4729  57251.7222    1.491e-11  5.095e-12    0.790  0.270    0.987    2.63  1000000.0   12.29
57252.4701  57252.7194    1.460e-11  5.666e-12    0.773  0.300    0.949    2.63  1000000.0    8.60
57253.4674  57253.7167    2.061e-11  5.737e-12    1.091  0.304    0.886    2.63  1000000.0   21.48
57254.4646  57254.7139    1.880e-11  5.437e-12    0.995  0.288    0.882    2.63  1000000.0   17.71
57255.4618  57255.7111    1.751e-11  4.986e-12    0.927  0.264    0.894    2.63  1000000.0   24.66
57256.4590  57256.7083    1.072e-11  4.544e-12    0.567  0.241    0.933    2.63  1000000.0    9.99
57257.4563  57257.7056    1.945e-11  5.703e-12    1.030  0.302    0.933    2.63  1000000.0   17.21
57258.4535  57258.7028    8.454e-12  4.553e-12    0.448  0.241    0.929    2.63  1000000.0    6.09
57259.4507  57259.7000    1.725e-11  5.365e-12    0.913  0.284    1.000    2.63  1000000.0   14.91
57260.4479  57260.6972    2.825e-11  5.688e-12    1.495  0.301    1.000    2.63  1000000.0   43.30
57261.4451  57261.6944    1.359e-11  5.931e-12    0.719  0.314    0.698    2.63  1000000.0    7.50
57262.4424  57262.6917    2.164e-11  5.668e-12    1.146  0.300    0.866    2.63  1000000.0   25.34
57263.4396  57263.6889    2.258e-11  5.701e-12    1.195  0.302    0.975    2.63  1000000.0   24.03
57264.4375  57264.6868    1.563e-11  5.151e-12    0.827  0.273    1.000    2.63  1000000.0   17.03
57265.4347  57265.6840    2.264e-11  5.242e-12    1.198  0.278    1.000    2.63  1000000.0   31.20
57266.4319  57266.6813    2.793e-11  5.944e-12    1.479  0.315    0.999    2.63  1000000.0   34.59
57267.4292  57267.6785    1.942e-11  4.973e-12    1.028  0.263    1.000    2.63  1000000.0   24.88
57268.4264  57268.6757    2.084e-11  5.620e-12    1.103  0.298    0.983    2.63  1000000.0   25.00
57269.4236  57269.6729    1.959e-11  5.157e-12    1.037  0.273    1.000    2.63  1000000.0   24.60
57270.4208  57270.6701    3.615e-11  5.961e-12    1.914  0.316    0.949    2.63  1000000.0   73.10
57271.4181  57271.6674    1.629e-11  5.679e-12    0.863  0.301    0.970    2.63  1000000.0   11.41
57272.4153  57272.6646    2.673e-11  5.398e-12    1.415  0.286    0.998    2.63  1000000.0   48.76
57273.4125  57273.6618    2.401e-11  5.429e-12    1.271  0.287    1.000    2.63  1000000.0   31.00
57274.4097  57274.6590    2.461e-11  5.740e-12    1.303  0.304    1.000    2.63  1000000.0   25.93
57275.4069  57275.6562    2.829e-11  5.919e-12    1.498  0.313    0.928    2.63  1000000.0   39.69
57276.4042  57276.6535    2.591e-11  5.896e-12    1.372  0.312    0.917    2.63  1000000.0   32.06
57277.4014  57277.6507    1.888e-11  5.536e-12    0.999  0.293    0.941    2.63  1000000.0   16.64
57278.3986  57278.6479    2.031e-11  5.538e-12    1.075  0.293    0.923    2.63  1000000.0   21.73
57279.3965  57279.6458    8.828e-12  5.094e-12    0.467  0.270    0.928    2.63  1000000.0    3.61
57280.3938  57280.6431    1.886e-11  5.542e-12    0.998  0.293    0.937    2.63  1000000.0   16.74
57281.3910  57281.6403    2.564e-11  5.272e-12    1.357  0.279    1.000    2.63  1000000.0   49.29
57282.3882  57282.6375    1.517e-11  5.579e-12    0.803  0.295    0.993    2.63  1000000.0    9.13
57283.3854  57283.6347    2.234e-11  5.834e-12    1.182  0.309    0.994    2.63  1000000.0   20.79
57284.3826  57284.6319    1.266e-11  4.491e-12    0.670  0.238    1.000    2.63  1000000.0   15.44
57285.3799  57285.6292    1.604e-11  5.013e-12    0.849  0.265    1.000    2.63  1000000.0   16.02
57286.3771  57286.6264    1.834e-11  4.837e-12    0.971  0.256    0.979    2.63  1000000.0   30.78
57287.3743  57287.6236    1.906e-11  5.302e-12    1.009  0.281    0.970    2.63  1000000.0   19.66
57288.3715  57288.6208    2.444e-11  5.439e-12    1.294  0.288    0.985    2.63  1000000.0   32.00
57290.3660  57290.6153    2.077e-11  6.160e-12    1.099  0.326    0.753    2.63  1000000.0   19.97
57291.3632  57291.6125    1.620e-11  4.613e-12    0.858  0.244    1.000    2.63  1000000.0   24.21
57292.3604  57292.6097    1.388e-11  4.599e-12    0.735  0.243    1.000    2.63  1000000.0   16.75
57293.3576  57293.6076    2.075e-11  5.209e-12    1.098  0.276    1.000    2.63  1000000.0   27.02
57294.3556  57294.6049    2.353e-11  5.518e-12    1.246  0.292    0.995    2.63  1000000.0   27.17
57295.3528  57295.6021    2.446e-11  5.290e-12    1.295  0.280    0.982    2.63  1000000.0   39.61
57296.3500  57296.5993    1.897e-11  5.083e-12    1.004  0.269    1.000    2.63  1000000.0   26.15
57297.3472  57297.5965    1.160e-11  4.542e-12    0.614  0.240    1.000    2.63  1000000.0   11.29
57298.3444  57298.5938    1.683e-11  5.164e-12    0.891  0.273    1.000    2.63  1000000.0   16.58
57299.3417  57299.5910    2.285e-11  5.385e-12    1.209  0.285    1.000    2.63  1000000.0   30.76
57300.3389  57300.5882    2.458e-11  5.259e-12    1.301  0.278    0.983    2.63  1000000.0   39.14
57301.3361  57301.5854    1.176e-11  4.688e-12    0.623  0.248    0.983    2.63  1000000.0   10.10
57302.3333  57302.5826    1.608e-11  4.771e-12    0.851  0.253    0.983    2.63  1000000.0   19.19
57303.3306  57303.5799    2.367e-11  5.172e-12    1.253  0.274    1.000    2.63  1000000.0   39.64
57304.3278  57304.5771    3.021e-11  5.545e-12    1.599  0.294    1.000    2.63  1000000.0   52.29
57305.3250  57305.5743    1.401e-11  4.987e-12    0.742  0.264    1.000    2.63  1000000.0   14.49
57306.3222  57306.5715    2.759e-11  5.556e-12    1.461  0.294    1.000    2.63  1000000.0   41.27
57307.3194  57307.5687    1.444e-11  4.737e-12    0.764  0.251    1.000    2.63  1000000.0   15.38
57308.3174  57308.5667    2.486e-11  5.525e-12    1.316  0.292    1.000    2.63  1000000.0   33.83
57309.3146  57309.5639    1.660e-11  5.267e-12    0.879  0.279    1.000    2.63  1000000.0   14.69
57310.3118  57310.5611    2.769e-11  5.271e-12    1.466  0.279    1.000    2.63  1000000.0   59.23
57311.3090  57311.5583    2.820e-11  5.682e-12    1.493  0.301    1.000    2.63  1000000.0   39.09
57312.3063  57312.5556    1.839e-11  5.385e-12    0.973  0.285    1.000    2.63  1000000.0   17.05
57313.3035  57313.5528    2.610e-11  5.499e-12    1.382  0.291    1.000    2.63  1000000.0   35.67
57314.3007  57314.5500    2.431e-11  6.319e-12    1.287  0.335    0.894    2.63  1000000.0   21.77
57315.2979  57315.5472    1.433e-11  5.031e-12    0.759  0.266    0.994    2.63  1000000.0   14.28
57316.2951  57316.5444    2.336e-11  5.624e-12    1.237  0.298    0.989    2.63  1000000.0   24.32
57317.2924  57317.5417    1.853e-11  5.380e-12    0.981  0.285    0.988    2.63  1000000.0   16.49
57318.2896  57318.5389    1.612e-11  5.595e-12    0.854  0.296    0.976    2.63  1000000.0   10.46
57319.2868  57319.5361    2.002e-11  5.467e-12    1.060  0.289    0.934    2.63  1000000.0   21.35
57320.2840  57320.5333    1.650e-11  5.316e-12    0.873  0.281    1.000    2.63  1000000.0   14.08
57321.2812  57321.5306    1.655e-11  4.965e-12    0.876  0.263    0.995    2.63  1000000.0   19.36
57322.2785  57322.5278    1.707e-11  4.570e-12    0.904  0.242    1.000    2.63  1000000.0   27.13
57323.2764  57323.5257    1.569e-11  4.834e-12    0.830  0.256    1.000    2.63  1000000.0   16.68
57324.2736  57324.5229    2.653e-11  5.392e-12    1.405  0.285    1.000    2.63  1000000.0   44.48
57325.2708  57325.5201    1.721e-11  5.434e-12    0.911  0.288    1.000    2.63  1000000.0   13.96
57326.2681  57326.5174    1.977e-11  5.851e-12    1.047  0.310    1.000    2.63  1000000.0   14.17
57327.2653  57327.5146    1.566e-11  5.411e-12    0.829  0.286    1.000    2.63  1000000.0   11.06
57328.2625  57328.5118    2.077e-11  6.227e-12    1.099  0.330    0.664    2.63  1000000.0   22.43
57329.2597  57329.5090    1.509e-11  5.544e-12    0.799  0.293    1.000    2.63  1000000.0    8.91
57330.2569  57330.5062    1.913e-11  5.436e-12    1.013  0.288    1.000    2.63  1000000.0   22.76
57331.2542  57331.5035    2.042e-11  5.531e-12    1.081  0.293    1.000    2.63  1000000.0   18.69
57332.2514  57332.5007    2.174e-11  5.933e-12    1.151  0.314    1.000    2.63  1000000.0   17.88
57333.2486  57333.4979    1.553e-11  5.154e-12    0.822  0.273    1.000    2.63  1000000.0   14.85
57334.2458  57334.4951    1.248e-11  5.027e-12    0.661  0.266    1.000    2.63  1000000.0   10.24
57335.2431  57335.4924    1.314e-11  5.190e-12    0.696  0.275    0.989    2.63  1000000.0    8.37
57336.2403  57336.4896    3.294e-11  5.761e-12    1.744  0.305    1.000    2.63  1000000.0   53.06
57337.2375  57337.4875    1.910e-11  5.472e-12    1.011  0.290    0.923    2.63  1000000.0   19.23
57338.2354  57338.4847    2.356e-11  5.223e-12    1.247  0.277    0.976    2.63  1000000.0   36.87
57339.2326  57339.4819    1.266e-11  5.165e-12    0.670  0.273    1.000    2.63  1000000.0    8.65
57340.2299  57340.4792    1.539e-11  4.721e-12    0.815  0.250    1.000    2.63  1000000.0   18.53
57341.2271  57341.4764    1.782e-11  4.997e-12    0.943  0.265    1.000    2.63  1000000.0   20.31
57342.2243  57342.4736    8.994e-12  5.348e-12    0.476  0.283    0.981    2.63  1000000.0    3.42
57343.2215  57343.4708    2.022e-11  5.194e-12    1.070  0.275    0.993    2.63  1000000.0   25.22
57344.2188  57344.4681    1.109e-11  4.574e-12    0.587  0.242    1.000    2.63  1000000.0    8.79
57345.2160  57345.4653    2.642e-11  5.629e-12    1.399  0.298    1.000    2.63  1000000.0   32.86
57346.2132  57346.4625    1.496e-11  5.421e-12    0.792  0.287    1.000    2.63  1000000.0   10.01
57347.2104  57347.4597    1.903e-11  5.147e-12    1.007  0.272    0.978    2.63  1000000.0   21.04
57348.2076  57348.4569    2.094e-11  5.266e-12    1.108  0.279    0.992    2.63  1000000.0   26.95
57349.2049  57349.4542    1.988e-11  5.402e-12    1.053  0.286    0.994    2.63  1000000.0   24.40
57350.2021  57350.4514    1.810e-11  5.104e-12    0.958  0.270    1.000    2.63  1000000.0   17.80
57351.1993  57351.4486    1.090e-11  4.629e-12    0.577  0.245    1.000    2.63  1000000.0    8.31
57352.1972  57352.4465    1.415e-11  5.123e-12    0.749  0.271    1.000    2.63  1000000.0   10.33
57353.1944  57353.4437    1.356e-11  5.068e-12    0.718  0.268    1.000    2.63  1000000.0    9.70
57354.1917  57354.4410    2.048e-11  5.171e-12    1.084  0.274    1.000    2.63  1000000.0   25.32
57355.1889  57355.4382    1.406e-11  4.852e-12    0.744  0.257    0.997    2.63  1000000.0   13.58
57356.1861  57356.4354    1.883e-11  5.224e-12    0.997  0.277    0.997    2.63  1000000.0   19.11
57357.1833  57357.4326    2.415e-11  5.560e-12    1.279  0.294    0.997    2.63  1000000.0   27.64
57358.1806  57358.4299    2.412e-11  5.143e-12    1.277  0.272    1.000    2.63  1000000.0   40.17
57359.1778  57359.4271    2.304e-11  5.822e-12    1.220  0.308    0.901    2.63  1000000.0   24.61
57360.1750  57360.4243    1.623e-11  4.942e-12    0.859  0.262    1.000    2.63  1000000.0   17.81
57361.1722  57361.4215    2.572e-11  5.475e-12    1.362  0.290    1.000    2.63  1000000.0   36.21
57362.1694  57362.4187    1.298e-11  4.702e-12    0.687  0.249    0.995    2.63  1000000.0   11.22
57363.1917  57363.4160    2.575e-11  5.569e-12    1.363  0.295    0.963    2.63  1000000.0   41.52
57364.1639  57364.4132    1.569e-11  4.737e-12    0.831  0.251    1.000    2.63  1000000.0   26.33
57365.1611  57365.4104    1.986e-11  5.342e-12    1.051  0.283    1.000    2.63  1000000.0   21.11
57366.1583  57366.4076    1.593e-11  5.029e-12    0.843  0.266    1.000    2.63  1000000.0   15.71
57367.1562  57367.4056    1.548e-11  5.215e-12    0.820  0.276    0.908    2.63  1000000.0   14.29
57368.1535  57368.4028    1.674e-11  5.000e-12    0.886  0.265    1.000    2.63  1000000.0   17.53
57369.1507  57369.4000    1.448e-11  5.258e-12    0.767  0.278    0.995    2.63  1000000.0   11.14
57370.1479  57370.3972    1.696e-11  5.047e-12    0.898  0.267    0.903    2.63  1000000.0   20.45
57371.1451  57371.3944    2.031e-11  5.417e-12    1.075  0.287    0.921    2.63  1000000.0   24.53
57372.1424  57372.3917    1.961e-11  5.763e-12    1.038  0.305    0.885    2.63  1000000.0   17.44
57373.1396  57373.3889    1.570e-11  5.399e-12    0.831  0.286    0.985    2.63  1000000.0   14.19
57374.1368  57374.3861    1.737e-11  5.144e-12    0.920  0.272    0.991    2.63  1000000.0   20.70
57375.1340  57375.3833    1.866e-11  5.313e-12    0.988  0.281    1.000    2.63  1000000.0   18.00
57376.1312  57376.3806    2.010e-11  5.250e-12    1.064  0.278    1.000    2.63  1000000.0   26.96
57377.1285  57377.3778    1.625e-11  4.788e-12    0.860  0.253    0.978    2.63  1000000.0   17.65
57378.1257  57378.3750    1.653e-11  5.304e-12    0.875  0.281    0.956    2.63  1000000.0   13.24
57379.1229  57379.3722    2.139e-11  5.285e-12    1.132  0.280    0.994    2.63  1000000.0   29.45
57380.1201  57380.3694    2.827e-11  5.501e-12    1.497  0.291    1.000    2.63  1000000.0   44.27
57381.1174  57381.3674    1.842e-11  5.090e-12    0.975  0.269    1.000    2.63  1000000.0   20.09
57382.1153  57382.3646    2.786e-11  5.365e-12    1.475  0.284    1.000    2.63  1000000.0   52.72
57383.1125  57383.3618    2.037e-11  5.277e-12    1.079  0.279    1.000    2.63  1000000.0   29.59
57384.1097  57384.3590    1.934e-11  5.466e-12    1.024  0.289    0.974    2.63  1000000.0   21.92
57385.1069  57385.3562    9.129e-12  4.359e-12    0.483  0.231    1.000    2.63  1000000.0    6.03
57386.1042  57386.3535    1.404e-11  4.826e-12    0.743  0.255    1.000    2.63  1000000.0   16.23
57387.1014  57387.3507    1.264e-11  4.821e-12    0.669  0.255    0.985    2.63  1000000.0   10.42
57388.0986  57388.3479    1.579e-11  7.055e-12    0.836  0.373    0.500    2.63  1000000.0    8.71
57389.0958  57389.3451    1.041e-11  4.223e-12    0.551  0.224    1.000    2.63  1000000.0   11.88
57390.0931  57390.3424    1.399e-11  5.235e-12    0.741  0.277    0.983    2.63  1000000.0    9.44
57391.0903  57391.3396    2.123e-11  5.452e-12    1.124  0.289    0.970    2.63  1000000.0   23.50
57393.0847  57393.3340    2.044e-11  5.174e-12    1.082  0.274    1.000    2.63  1000000.0   27.08
57394.0819  57394.3313    1.855e-11  4.986e-12    0.982  0.264    0.882    2.63  1000000.0   24.65
57395.0792  57395.3285    2.109e-11  5.259e-12    1.117  0.278    1.000    2.63  1000000.0   24.23
57396.0771  57396.3264    1.856e-11  5.215e-12    0.982  0.276    1.000    2.63  1000000.0   19.25
57397.0743  57397.3236    2.006e-11  5.375e-12    1.062  0.285    0.949    2.63  1000000.0   23.49
57398.0715  57398.3208    1.979e-11  5.174e-12    1.047  0.274    1.000    2.63  1000000.0   25.62
57399.0687  57399.3181    1.494e-11  4.971e-12    0.791  0.263    1.000    2.63  1000000.0   13.14
57400.0660  57400.3153    1.772e-11  4.797e-12    0.938  0.254    0.991    2.63  1000000.0   26.22
57401.0632  57401.3125    2.509e-11  5.113e-12    1.328  0.271    1.000    2.63  1000000.0   44.54
57402.0604  57402.3097    2.017e-11  5.479e-12    1.068  0.290    1.000    2.63  1000000.0   20.35
57403.0576  57403.3069    2.112e-11  4.848e-12    1.118  0.257    0.996    2.63  1000000.0   34.21
57404.0549  57404.3042    1.661e-11  5.172e-12    0.879  0.274    1.000    2.63  1000000.0   15.89
57405.0521  57405.3014    1.458e-11  5.199e-12    0.772  0.275    0.948    2.63  1000000.0   10.78
57406.0493  57406.2986    2.767e-11  5.582e-12    1.465  0.295    1.000    2.63  1000000.0   39.33
57407.0465  57407.2958    1.879e-11  5.063e-12    0.994  0.268    1.000    2.63  1000000.0   21.65
57408.0437  57408.2931    2.100e-11  5.085e-12    1.112  0.269    0.993    2.63  1000000.0   34.15
57409.0410  57409.2903    1.057e-11  4.439e-12    0.560  0.235    0.971    2.63  1000000.0    9.15
57410.0382  57410.2875    2.340e-11  5.593e-12    1.239  0.296    1.000    2.63  1000000.0   25.76
57411.0361  57411.2854    1.988e-11  5.403e-12    1.053  0.286    1.000    2.63  1000000.0   20.69
57412.0333  57412.2826    1.220e-11  4.956e-12    0.646  0.262    1.000    2.63  1000000.0    9.10
57413.0306  57413.2799    2.360e-11  5.337e-12    1.249  0.283    0.998    2.63  1000000.0   35.55
57414.0278  57414.2771    2.180e-11  5.607e-12    1.154  0.297    0.980    2.63  1000000.0   23.72
57417.0194  57417.2688    2.199e-11  5.295e-12    1.164  0.280    0.956    2.63  1000000.0   32.51
57418.0167  57418.2660    2.402e-11  5.487e-12    1.271  0.290    0.964    2.63  1000000.0   31.02
57419.0139  57419.2632    3.260e-11  5.761e-12    1.726  0.305    0.982    2.63  1000000.0   53.17
57420.0111  57420.2604    7.816e-12  4.529e-12    0.414  0.240    0.999    2.63  1000000.0    3.90
57421.0083  57421.2576    1.912e-11  5.099e-12    1.012  0.270    1.000    2.63  1000000.0   29.35
57422.0056  57422.2549    1.406e-11  4.953e-12    0.744  0.262    1.000    2.63  1000000.0   13.39
57423.0028  57423.2521    2.501e-11  5.455e-12    1.324  0.289    1.000    2.63  1000000.0   31.92
57424.0000  57424.2493    2.582e-11  5.452e-12    1.367  0.289    0.963    2.63  1000000.0   41.15
57424.9972  57425.2472    9.840e-12  5.285e-12    0.521  0.280    1.000    2.63  1000000.0    4.48
57425.9951  57426.2444    1.713e-11  5.152e-12    0.907  0.273    0.976    2.63  1000000.0   16.46
57426.9924  57427.2417    1.021e-11  4.661e-12    0.540  0.247    1.000    2.63  1000000.0    6.66
57427.9896  57428.2389    2.375e-11  5.228e-12    1.257  0.277    0.987    2.63  1000000.0   41.48
57428.9868  57429.2361    1.810e-11  5.154e-12    0.958  0.273    1.000    2.63  1000000.0   19.50
57430.9812  57431.2306    2.345e-11  5.499e-12    1.241  0.291    0.989    2.63  1000000.0   29.72
57431.9785  57432.2278    2.650e-11  5.737e-12    1.403  0.304    0.979    2.63  1000000.0   32.01
57432.9757  57433.2250    2.268e-11  5.656e-12    1.201  0.299    0.983    2.63  1000000.0   25.05
57433.9729  57434.2222    4.140e-11  6.497e-12    2.192  0.344    0.956    2.63  1000000.0   73.18
57435.9674  57436.2167    1.902e-11  4.909e-12    1.007  0.260    1.000    2.63  1000000.0   27.86
57436.9806  57437.2139    1.694e-11  4.869e-12    0.897  0.258    0.971    2.63  1000000.0   19.00
57437.9618  57438.2111    1.877e-11  5.025e-12    0.993  0.266    1.000    2.63  1000000.0   23.67
57438.9590  57439.2083    2.066e-11  5.060e-12    1.094  0.268    1.000    2.63  1000000.0   30.34
57439.9569  57440.2063    2.129e-11  5.460e-12    1.127  0.289    0.977    2.63  1000000.0   22.37
57440.9597  57441.2035    1.363e-11  5.055e-12    0.722  0.268    0.979    2.63  1000000.0   11.28
57441.9514  57442.2007    1.842e-11  5.148e-12    0.975  0.273    1.000    2.63  1000000.0   19.38
57442.9486  57443.1979    2.566e-11  5.117e-12    1.359  0.271    1.000    2.63  1000000.0   44.65
57443.9458  57444.1951    1.525e-11  4.955e-12    0.807  0.262    0.879    2.63  1000000.0   17.91
57444.9431  57445.1924    2.433e-11  5.248e-12    1.288  0.278    1.000    2.63  1000000.0   32.83
57445.9403  57446.1896    1.777e-11  5.071e-12    0.941  0.268    0.987    2.63  1000000.0   19.50
57446.9375  57447.1868    1.757e-11  5.169e-12    0.930  0.274    0.974    2.63  1000000.0   17.43
57447.9347  57448.1840    2.668e-11  5.696e-12    1.412  0.302    0.996    2.63  1000000.0   35.11
57448.9319  57449.1813    2.504e-11  5.724e-12    1.326  0.303    0.975    2.63  1000000.0   35.10
57449.9292  57450.1785    8.675e-12  4.344e-12    0.459  0.230    0.977    2.63  1000000.0    7.00
57450.9875  57451.1757    1.964e-11  5.226e-12    1.040  0.277    0.904    2.63  1000000.0   28.92
57451.9236  57452.1729    1.605e-11  5.423e-12    0.850  0.287    1.000    2.63  1000000.0   11.14
57452.9208  57453.1701    2.429e-11  5.745e-12    1.286  0.304    0.985    2.63  1000000.0   28.11
57453.9181  57454.1674    2.548e-11  5.421e-12    1.349  0.287    0.922    2.63  1000000.0   41.25
57454.9160  57455.1653    1.912e-11  5.421e-12    1.012  0.287    0.998    2.63  1000000.0   16.92
57455.9132  57456.1625    2.712e-11  5.375e-12    1.436  0.285    0.993    2.63  1000000.0   48.89
57456.9104  57457.1597    8.607e-12  5.188e-12    0.456  0.275    0.833    2.63  1000000.0    3.74
57457.9076  57458.1569    3.283e-11  5.808e-12    1.738  0.307    0.987    2.63  1000000.0   51.88
57458.9049  57459.1542    2.268e-11  5.156e-12    1.201  0.273    1.000    2.63  1000000.0   33.86
57459.9021  57460.1514    2.444e-11  5.258e-12    1.294  0.278    0.957    2.63  1000000.0   40.86
57460.8993  57461.1486    2.099e-11  5.551e-12    1.111  0.294    0.996    2.63  1000000.0   21.03
57462.8938  57463.1431    2.428e-11  5.447e-12    1.285  0.288    1.000    2.63  1000000.0   32.56
57463.8910  57464.1403    2.250e-11  5.159e-12    1.191  0.273    0.996    2.63  1000000.0   30.60
57464.8903  57465.1375    2.102e-11  5.536e-12    1.113  0.293    0.999    2.63  1000000.0   22.09
57465.8854  57466.1347    1.053e-11  4.628e-12    0.558  0.245    0.991    2.63  1000000.0    9.65
57466.8826  57467.1319    2.071e-11  5.127e-12    1.096  0.271    1.000    2.63  1000000.0   30.92
57467.8799  57468.1292    1.961e-11  5.131e-12    1.038  0.272    0.978    2.63  1000000.0   25.97
57468.8771  57469.1271    1.301e-11  5.267e-12    0.689  0.279    1.000    2.63  1000000.0    9.61
57469.8750  57470.1243    1.756e-11  4.912e-12    0.930  0.260    1.000    2.63  1000000.0   24.43
57470.8722  57471.1215    2.365e-11  5.821e-12    1.252  0.308    1.000    2.63  1000000.0   23.17
57471.8694  57472.1188    2.501e-11  5.648e-12    1.324  0.299    1.000    2.63  1000000.0   36.13
57472.8667  57473.1160    1.810e-11  5.487e-12    0.958  0.290    0.994    2.63  1000000.0   15.75
57473.8639  57474.1132    2.598e-11  5.524e-12    1.375  0.292    1.000    2.63  1000000.0   34.27
57474.8611  57475.1104    1.725e-11  4.919e-12    0.913  0.260    0.984    2.63  1000000.0   20.72
57475.8583  57476.1076    2.960e-11  5.720e-12    1.567  0.303    0.963    2.63  1000000.0   46.52
57476.8556  57477.1049    1.652e-11  5.243e-12    0.874  0.278    0.974    2.63  1000000.0   15.38
57477.8528  57478.1021    2.684e-11  5.628e-12    1.421  0.298    0.987    2.63  1000000.0   39.29
57478.8500  57479.0993    2.073e-11  5.348e-12    1.097  0.283    0.972    2.63  1000000.0   24.26
57479.8472  57480.0965    2.567e-11  6.313e-12    1.359  0.334    0.808    2.63  1000000.0   27.09
57480.8444  57481.0938    2.047e-11  5.420e-12    1.084  0.287    0.982    2.63  1000000.0   22.36
57481.8417  57482.0910    2.867e-11  5.706e-12    1.518  0.302    0.959    2.63  1000000.0   41.40
57482.8389  57483.0882    1.544e-11  5.487e-12    0.817  0.290    0.902    2.63  1000000.0   13.17
57483.8368  57484.0861    1.472e-11  5.210e-12    0.779  0.276    0.987    2.63  1000000.0   11.99
57484.8340  57485.0833    1.244e-11  5.508e-12    0.659  0.292    0.692    2.63  1000000.0    8.62
57485.8313  57486.0806    2.274e-11  5.362e-12    1.204  0.284    0.976    2.63  1000000.0   31.13
57486.8340  57487.0778    2.201e-11  5.790e-12    1.165  0.307    0.871    2.63  1000000.0   22.39
57487.8257  57488.0750    2.085e-11  5.171e-12    1.104  0.274    0.997    2.63  1000000.0   29.26
57488.8229  57489.0722    2.407e-11  6.153e-12    1.274  0.326    0.995    2.63  1000000.0   19.23
57489.8201  57490.0694    2.884e-11  5.594e-12    1.527  0.296    1.000    2.63  1000000.0   51.51
57490.8174  57491.0667    2.099e-11  4.989e-12    1.111  0.264    1.000    2.63  1000000.0   33.26
57491.8201  57492.0639    2.098e-11  5.553e-12    1.111  0.294    0.925    2.63  1000000.0   24.86
57492.8118  57493.0611    2.629e-11  5.741e-12    1.392  0.304    0.998    2.63  1000000.0   30.94
57493.8090  57494.0583    1.341e-11  4.863e-12    0.710  0.257    1.000    2.63  1000000.0   12.85
57494.8063  57495.0556    2.683e-11  5.692e-12    1.420  0.301    0.966    2.63  1000000.0   34.75
57495.8035  57496.0528    1.656e-11  5.771e-12    0.877  0.306    0.980    2.63  1000000.0   10.02
57496.8007  57497.0500    3.202e-11  5.912e-12    1.695  0.313    0.930    2.63  1000000.0   49.65
57498.7958  57499.0451    1.245e-11  4.371e-12    0.659  0.231    0.998    2.63  1000000.0   16.33
